task1_precision:0.3798219584569733
task1_recall:0.6432160804020101
task1_f1:0.4776119402985075
task2_unb:0.37521514629948366
task2_sha:0.17647058823529413
task2_pre:0.29166666666666663
task2_aut:0.0
task2_met:0.05797101449275363
task2_com:0.34810126582278483
task2_the:0.0
task2_avg:0.17848924021671184
